a = 17603.9255388709 м
b = 17373.97750458082 м
x0 = 5864.628690644353 м
vr = 1687.9009608784604 м/с
A0 = 1.674524745614292 м
Xmax = 15360.98448317637 м
sigmaX = 4267.1554972720005 м
sigmaY = 4556.710060580153 м
M0 = 3.510042225116178e+20 Н*м - интегральное значение сейсмического момента
Mr_max = 5.830342601089491e+19 Н*м/с - максимальное значение функции источника
1-ый столбец - отнормированная функция источника
2-ой столбец - время
0.0	0.0
6.113178360422011e-05	0.1
0.008278663115439257	0.2
0.01660518818627394	0.30000000000000004
0.025042177416561024	0.4
0.03345901518631784	0.5
0.042343479963630776	0.6000000000000001
0.0512715973837378	0.7000000000000001
0.06083988397388346	0.8
0.07041199283796906	0.9
0.08029131685300744	1.0
0.09126054043022887	1.1
0.10212123671316041	1.2000000000000002
0.11415799546183399	1.3
0.1256651454324603	1.4000000000000001
0.1396116688007758	1.5
0.1509634415652967	1.6
0.16580805443172703	1.7000000000000002
0.1801454395343389	1.8
0.19810473401948347	1.9000000000000001
0.21255095808840832	2.0
0.23197948806411076	2.1
0.2479490957826364	2.2
0.26490898497393894	2.3000000000000003
0.28276562846584274	2.4000000000000004
0.3078228395790933	2.5
0.3272044968365755	2.6
0.3501192955637098	2.7
0.3654613964142696	2.8000000000000003
0.39329626932441514	2.9000000000000004
0.41461312826573105	3.0
0.44061102916845585	3.1
0.4610332259219892	3.2
0.4926084287972683	3.3000000000000003
0.5176217483039726	3.4000000000000004
0.536610537222364	3.5
0.5610998706003022	3.6
0.5933483860046748	3.7
0.6160239097326655	3.8000000000000003
0.6363942269305453	3.9000000000000004
0.6703868316921838	4.0
0.6900457282198456	4.1000000000000005
0.7141137428793096	4.2
0.7349125446351061	4.3
0.7657694598082256	4.4
0.7810413078204241	4.5
0.810506133344612	4.6000000000000005
0.8254395211598197	4.7
0.8558209503328399	4.800000000000001
0.867202384190807	4.9
0.8855450797316319	5.0
0.9020802263818669	5.1000000000000005
0.9232595548988164	5.2
0.9333478453479827	5.300000000000001
0.9503567429391836	5.4
0.9496632945185338	5.5
0.9599697454593006	5.6000000000000005
0.9767463012364823	5.7
0.986440039789322	5.800000000000001
0.9824287422201784	5.9
0.9944773510700793	6.0
1.0	6.1000000000000005
0.996445306590354	6.2
0.9956334934341563	6.300000000000001
0.982326627703295	6.4
0.9841293469637917	6.5
0.983184095537021	6.6000000000000005
0.9685064232383835	6.7
0.9704106828053822	6.800000000000001
0.9548860766485658	6.9
0.9452798454319727	7.0
0.9276044240742745	7.1000000000000005
0.9076051393872709	7.2
0.8987954897394292	7.300000000000001
0.8834058158887104	7.4
0.8697937521642799	7.5
0.8422864476948708	7.6000000000000005
0.8262672265886665	7.7
0.8010399801102734	7.800000000000001
0.7867191236677095	7.9
0.7564373920400839	8.0
0.7304108289226091	8.1
0.7064467509768702	8.200000000000001
0.691331774267189	8.3
0.661555593307075	8.4
0.6422667715923782	8.5
0.6126346671560972	8.6
0.5961387410396105	8.700000000000001
0.5648711384344663	8.8
0.5432224912998854	8.9
0.5178086196498465	9.0
0.4961680959302133	9.1
0.4709695203984557	9.200000000000001
0.4467014121193233	9.3
0.4229155748598375	9.4
0.40345173789417	9.5
0.37927041643876125	9.600000000000001
0.36130415298319873	9.700000000000001
0.3433170696814698	9.8
0.31961377144812353	9.9
0.30188179075819493	10.0
0.28294617169659614	10.100000000000001
0.2662293030955609	10.200000000000001
0.2485857624693926	10.3
0.2318822752868118	10.4
0.21458154306892713	10.5
0.20332606949966966	10.600000000000001
0.18834050133064142	10.700000000000001
0.1729011508958928	10.8
0.1596492685465943	10.9
0.15012748576935933	11.0
0.13667906503052224	11.100000000000001
0.12801528108609225	11.200000000000001
0.11705155559171006	11.3
0.1078531481324037	11.4
0.09825371354003887	11.5
0.09092114703287305	11.600000000000001
0.08315072438135097	11.700000000000001
0.07629596539480869	11.8
0.0688967577239051	11.9
0.06291600328086344	12.0
0.05705889391200235	12.100000000000001
0.05214272798681409	12.200000000000001
0.04697276197722254	12.3
0.04308159711903481	12.4
0.0381556948448097	12.5
0.034987866924666454	12.600000000000001
0.031486344695511856	12.700000000000001
0.028210951222267994	12.8
0.025180529491088708	12.9
0.022552182879214025	13.0
0.02006822859216707	13.100000000000001
0.01797588816644137	13.200000000000001
0.01600750967122676	13.3
0.014351469471176104	13.4
0.012812664440493435	13.5
0.011266042516445073	13.600000000000001
0.009970510149382336	13.700000000000001
0.008860016636817456	13.8
0.007788595175052941	13.9
0.006909092752565124	14.0
0.006075965245507576	14.100000000000001
0.00531115416732831	14.200000000000001
0.004644515416836475	14.3
0.0040857307917966604	14.4
0.0035559063684920305	14.5
0.0030980255353308546	14.600000000000001
0.0026982450416703956	14.700000000000001
0.0023374488891531944	14.8
0.002023558351531096	14.9
0.0017542714696494597	15.0
0.0015037821501709212	15.100000000000001
0.0013070254395639999	15.200000000000001
0.0011275363408695088	15.3
0.000962720870501398	15.4
0.0008242444994131209	15.5
0.0007024529482054249	15.600000000000001
0.0006011310755945528	15.700000000000001
0.0005085273202738128	15.8
0.0004287037150181067	15.9
0.00036389821556519826	16.0
0.00030436160901454475	16.1
0.00025601668268957606	16.2
0.00021387674637560764	16.3
0.00017676283125029254	16.400000000000002
0.0001466136024916185	16.5
0.00011945514210293052	16.6
9.79844033098154e-05	16.7
7.915469509647865e-05	16.8
6.306274285442564e-05	16.900000000000002
4.947111639993032e-05	17.0
3.817642975745295e-05	17.1
2.8185328466167865e-05	17.2
1.9638904729095177e-05	17.3
1.1485571636939714e-05	17.400000000000002
0.0	17.5
0.0	17.6
0.0	17.7
0.0	17.8
0.0	17.900000000000002
0.0	18.0
0.0	18.1
0.0	18.2
0.0	18.3
